65
1.0000000000000000  1.0000000000000000  1
1.0468750000000000  1.2011004090309143  1
1.0937500000000000  1.4311075210571289  1
1.1406250000000000  1.6926670670509338  1
1.1875000000000000  1.9885406494140625  1
1.2343750000000000  2.3216057419776917  1
1.2812500000000000  2.6948556900024414  1
1.3281250000000000  3.1113997101783752  1
1.3750000000000000  3.5744628906250000  1
1.4218750000000000  4.0873861908912659  1
1.4687500000000000  4.6536264419555664  1
1.5156250000000000  5.2767563462257385  1
1.5625000000000000  5.9604644775390625  1
1.6093750000000000  6.7085552811622620  1
1.6562500000000000  7.5249490737915039  1
1.7031250000000000  8.4136820435523987  1
1.7500000000000000  9.3789062500000000  1
1.7968750000000000  10.4248896241188049  1
1.8437500000000000  11.5560159683227539  1
1.8906250000000000  12.7767849564552307  1
1.9375000000000000  14.0918121337890625  1
1.9843750000000000  15.5058289170265198  1
2.0312500000000000  17.0236825942993164  1
2.0781250000000000  18.6503363251686096  1
2.1250000000000000  20.3908691406250000  1
2.1718750000000000  22.2504759430885315  1
2.2187500000000000  24.2344675064086914  1
2.2656250000000000  26.3482704758644104  1
2.3125000000000000  28.5974273681640625  1
2.3593750000000000  30.9875965714454651  1
2.4062500000000000  33.5245523452758789  1
2.4531250000000000  36.2141848206520081  1
2.5000000000000000  39.0625000000000000  1
2.5468750000000000  42.0756197571754456  1
2.5937500000000000  45.2597818374633789  1
2.6406250000000000  48.6213398575782776  1
2.6875000000000000  52.1667633056640625  1
2.7343750000000000  55.9026375412940979  1
2.7812500000000000  59.8356637954711914  1
2.8281250000000000  63.9726591706275940  1
2.8750000000000000  68.3205566406250000  1
2.9218750000000000  72.8864050507545471  1
2.9687500000000000  77.6773691177368164  1
3.0156250000000000  82.7007294297218323  1
3.0625000000000000  87.9638824462890625  1
3.1093750000000000  93.4743404984474182  1
3.1562500000000000  99.2397317886352539  1
3.2031250000000000  105.2678003907203674  1
3.2500000000000000  111.5664062500000000  1
3.2968750000000000  118.1435251832008362  1
3.3437500000000000  125.0072488784790039  1
3.3906250000000000  132.1657848954200745  1
3.4375000000000000  139.6274566650390625  1
3.4843750000000000  147.4007034897804260  1
3.5312500000000000  155.4940805435180664  1
3.5781250000000000  163.9162588715553284  1
3.6250000000000000  172.6760253906250000  1
3.6718750000000000  181.7822828888893127  1
3.7187500000000000  191.2440500259399414  1
3.7656250000000000  201.0704613327980042  1
3.8125000000000000  211.2707672119140625  1
3.8593750000000000  221.8543339371681213  1
3.9062500000000000  232.8306436538696289  1
3.9531250000000000  244.2092943787574768  1
4.0000000000000000  256.0000000000000000  1
